Game,Predicted,Actual
0,3223.4,3342.0
1,3314.1,3344.0
2,3277.2,3346.0
3,3315.6,3348.0
4,3308.2,3333.0
5,3314.2,3335.0
6,3316.5,3337.0
7,3311.5,3323.0
8,3302.2,3325.0
9,3299.4,3327.0
10,3291.9,3330.0
11,3271.5,3317.0
12,3300.3,3321.0
13,3282.5,3317.0
14,3296.5,3321.0
15,3291.6,3309.0
16,3288.9,3313.0
17,3279.8,3317.0
18,3279.4,3305.0
19,3282.0,3309.0
20,3284.8,3312.0
21,3296.8,3315.0
22,3298.9,3318.0
23,3294.2,3321.0
24,3298.5,3324.0
25,3295.4,3327.0
26,3294.5,3313.0
27,3328.2,3316.0
28,3328.6,3319.0
29,3321.1,3322.0
30,3317.7,3325.0
31,3308.3,3328.0
32,3291.2,3314.0
33,3301.1,3317.0
34,3287.0,3317.0
35,3284.5,3317.0
36,3282.1,3317.0
37,3276.2,3317.0
38,3281.5,3319.0
39,3298.6,3321.0
40,3290.4,3323.0
41,3304.6,3325.0
42,3293.0,3312.0
43,3326.7,3299.0
44,3323.0,3302.0
45,3307.9,3305.0
46,3308.0,3308.0
47,3316.4,3311.0
48,3322.8,3314.0
49,3319.1,3317.0
50,3318.8,3320.0
51,3284.3,3307.0
52,3329.3,3310.0
53,3331.8,3313.0
54,3321.2,3316.0
55,3323.9,3319.0
56,3332.6,3322.0
57,3310.9,3325.0
58,3309.9,3328.0
59,3301.6,3330.0
60,3283.2,3332.0
61,3293.1,3334.0
62,3289.4,3329.0
63,3342.1,3333.0
64,3345.0,3336.0
65,3333.9,3339.0
66,3327.1,3342.0
67,3330.4,3345.0
68,3310.3,3347.0
69,3314.2,3349.0
70,3327.9,3343.0
71,3372.0,3345.0
72,3372.5,3347.0
73,3375.1,3349.0
74,3372.5,3351.0
75,3370.7,3353.0
76,3347.5,3355.0
77,3353.7,3357.0
78,3362.2,3359.0
79,3353.4,3361.0
80,3354.4,3363.0
81,3341.3,3363.0
82,3317.2,3363.0
83,3314.0,3364.0
84,3306.0,3365.0
85,3298.0,3366.0
86,3304.6,3367.0
87,3289.1,3369.0
88,3277.8,3366.0
89,3353.8,3370.0
90,3351.3,3372.0
91,3358.1,3366.0
92,3372.8,3366.0
93,3359.4,3366.0
94,3358.1,3367.0
95,3362.1,3368.0
96,3360.2,3369.0
97,3340.9,3363.0
98,3369.1,3364.0
99,3364.9,3366.0
100,3350.2,3368.0
101,3331.2,3371.0
102,3327.4,3373.0
103,3316.8,3375.0
104,3312.7,3377.0
105,3291.0,3363.0
106,3322.7,3365.0
107,3327.8,3367.0
108,3330.5,3369.0
109,3327.0,3355.0
110,3340.1,3357.0
111,3337.5,3359.0
112,3335.0,3359.0
113,3341.4,3359.0
114,3338.3,3359.0
115,3348.9,3359.0
116,3362.0,3359.0
117,3363.1,3361.0
118,3360.4,3363.0
119,3364.4,3365.0
120,3371.0,3367.0
121,3368.5,3369.0
122,3351.6,3355.0
123,3398.1,3357.0
124,3392.2,3351.0
125,3390.5,3337.0
126,3378.6,3339.0
127,3355.8,3341.0
128,3345.5,3335.0
129,3337.3,3329.0
130,3319.6,3331.0
131,3296.0,3325.0
132,3317.1,3327.0
133,3313.0,3319.0
134,3314.6,3319.0
135,3304.6,3319.0
136,3320.8,3319.0
137,3317.2,3305.0
138,3326.7,3305.0
139,3343.7,3306.0
140,3358.0,3300.0
141,3371.5,3302.0
142,3348.1,3288.0
143,3349.8,3289.0
144,3346.8,3292.0
145,3336.1,3287.0
146,3335.3,3274.0
147,3335.3,3277.0
148,3338.1,3280.0
149,3323.8,3283.0
150,3330.3,3286.0
151,3322.8,3273.0
152,3337.2,3276.0
153,3341.8,3279.0
154,3342.2,3274.0
155,3363.3,3277.0
156,3349.9,3264.0
157,3353.7,3267.0
158,3346.0,3270.0
159,3339.9,3273.0
160,3336.6,3276.0
161,3339.7,3279.0
162,3350.8,3282.0
163,3340.4,3283.0
164,3330.3,3285.0
165,3322.2,3287.0
166,3324.3,3290.0
167,3338.9,3293.0
168,3326.5,3288.0
169,3374.4,3291.0
170,3366.5,3294.0
171,3369.7,3297.0
172,3365.1,3300.0
173,3358.6,3303.0
174,3354.8,3306.0
175,3339.2,3309.0
176,3321.7,3296.0
177,3344.5,3299.0
178,3326.8,3302.0
179,3311.4,3304.0
180,3310.5,3306.0
181,3292.3,3308.0
182,3263.8,3294.0
183,3283.8,3289.0
184,3289.8,3292.0
185,3272.8,3295.0
186,3271.6,3295.0
187,3269.3,3295.0
188,3276.4,3288.0
189,3303.4,3289.0
190,3288.6,3290.0
191,3293.2,3291.0
192,3293.6,3295.0
193,3299.7,3297.0
194,3298.3,3301.0
195,3306.2,3299.0
196,3346.9,3302.0
197,3341.7,3304.0
198,3331.8,3306.0
199,3340.2,3309.0
200,3314.4,3312.0
201,3294.2,3315.0
202,3287.6,3318.0
203,3274.5,3321.0
204,3272.0,3324.0
205,3267.4,3326.0
206,3246.8,3320.0
207,3288.2,3323.0
208,3287.8,3325.0
209,3283.9,3329.0
210,3299.3,3332.0
211,3300.5,3335.0
212,3310.1,3338.0
213,3311.1,3341.0
214,3299.5,3344.0
215,3296.8,3346.0
216,3295.6,3348.0
217,3292.9,3334.0
218,3315.1,3337.0
219,3306.4,3340.0
220,3305.9,3343.0
221,3315.4,3345.0
222,3307.2,3339.0
223,3331.8,3339.0
224,3326.0,3339.0
225,3319.6,3340.0
226,3305.8,3340.0
227,3310.2,3333.0
228,3348.2,3335.0
229,3343.3,3337.0
230,3337.9,3339.0
231,3328.7,3341.0
232,3310.1,3345.0
233,3304.9,3349.0
234,3308.7,3337.0
235,3351.6,3341.0
236,3342.3,3344.0
237,3338.1,3346.0
238,3334.5,3349.0
239,3328.8,3352.0
240,3322.8,3355.0
241,3311.7,3342.0
242,3347.1,3345.0
243,3332.0,3348.0
244,3327.5,3351.0
245,3314.0,3354.0
246,3312.7,3354.0
247,3304.3,3354.0
248,3302.0,3355.0
249,3287.2,3340.0
250,3306.3,3325.0
251,3301.3,3325.0
252,3297.3,3325.0
253,3298.5,3326.0
254,3294.1,3327.0
255,3290.8,3330.0
256,3265.1,3317.0
257,3264.5,3321.0
258,3257.2,3325.0
259,3251.6,3328.0
260,3248.1,3315.0
261,3283.6,3318.0
262,3268.6,3320.0
263,3266.8,3322.0
264,3263.4,3308.0
265,3263.4,3295.0
266,3276.2,3290.0
267,3268.9,3277.0
268,3271.2,3281.0
269,3258.1,3268.0
270,3270.7,3264.0
271,3274.5,3268.0
272,3254.6,3256.0
273,3258.7,3260.0
274,3259.0,3264.0
275,3273.3,3266.0
276,3274.8,3268.0
277,3279.2,3272.0
278,3280.8,3268.0
279,3312.9,3272.0
280,3322.6,3276.0
281,3324.1,3276.0
282,3326.2,3276.0
283,3341.1,3277.0
284,3329.7,3279.0
285,3314.9,3273.0
286,3344.4,3275.0
287,3348.6,3278.0
288,3350.5,3285.0
289,3334.3,3273.0
290,3334.2,3268.0
291,3321.1,3256.0
292,3318.3,3256.0
293,3294.4,3256.0
294,3304.0,3257.0
295,3320.0,3258.0
296,3315.6,3259.0
297,3311.1,3255.0
298,3335.1,3258.0
299,3304.8,3247.0
300,3298.6,3249.0
301,3291.9,3246.0
302,3302.1,3249.0
303,3287.5,3251.0
304,3288.9,3253.0
305,3291.0,3256.0
306,3286.4,3259.0
307,3293.0,3262.0
308,3301.0,3265.0
309,3294.5,3259.0
310,3327.0,3261.0
311,3330.5,3263.0
312,3328.9,3265.0
313,3324.9,3267.0
314,3297.9,3269.0
315,3288.2,3271.0
316,3278.4,3273.0
317,3260.6,3267.0
318,3265.5,3254.0
319,3249.4,3241.0
320,3249.4,3244.0
321,3228.6,3247.0
322,3212.5,3250.0
323,3210.0,3253.0
324,3204.2,3257.0
325,3205.1,3261.0
326,3198.7,3263.0
327,3186.3,3265.0
328,3192.9,3265.0
329,3214.6,3266.0
330,3221.8,3267.0
331,3215.6,3269.0
332,3215.6,3265.0
333,3286.9,3269.0
334,3300.6,3273.0
335,3283.0,3261.0
336,3303.5,3265.0
337,3306.7,3253.0
338,3323.4,3255.0
339,3305.1,3255.0
340,3297.2,3256.0
341,3287.4,3257.0
342,3287.6,3259.0
343,3277.0,3261.0
344,3271.1,3265.0
345,3262.8,3255.0
346,3285.5,3258.0
347,3271.3,3264.0
348,3276.2,3268.0
349,3257.6,3263.0
350,3275.9,3267.0
351,3253.4,3271.0
352,3243.4,3274.0
353,3227.1,3261.0
354,3243.1,3265.0
355,3251.9,3269.0
356,3248.7,3257.0
357,3277.6,3261.0
358,3270.5,3249.0
359,3270.7,3251.0
360,3270.5,3254.0
361,3283.4,3257.0
362,3283.9,3261.0
363,3296.6,3264.0
364,3307.1,3267.0
365,3305.2,3270.0
366,3301.6,3265.0
367,3307.6,3260.0
368,3310.3,3263.0
369,3283.3,3250.0
370,3291.3,3254.0
371,3286.9,3258.0
372,3288.7,3261.0
373,3268.8,3248.0
374,3273.5,3254.0
375,3265.9,3259.0
376,3267.9,3264.0
377,3257.3,3253.0
378,3257.5,3250.0
379,3275.0,3256.0
380,3260.0,3259.0
381,3242.4,3246.0
382,3224.1,3234.0
383,3224.6,3238.0
384,3229.9,3242.0
385,3217.9,3246.0
386,3217.1,3242.0
387,3216.4,3230.0
388,3218.0,3234.0
389,3192.9,3238.0
390,3186.6,3226.0
391,3196.0,3231.0
392,3204.5,3235.0
393,3222.3,3239.0
394,3219.2,3243.0
395,3203.7,3247.0
396,3206.1,3243.0
397,3240.8,3231.0
398,3254.3,3235.0
399,3236.2,3223.0
400,3242.7,3228.0
401,3251.9,3232.0
402,3252.6,3236.0
403,3237.9,3236.0
404,3234.7,3237.0
405,3236.6,3230.0
406,3250.0,3230.0
407,3252.6,3231.0
408,3255.7,3233.0
409,3260.7,3228.0
410,3291.1,3230.0
411,3277.9,3216.0
412,3291.9,3218.0
413,3278.4,3213.0
414,3294.2,3215.0
415,3302.4,3217.0
416,3293.3,3219.0
417,3287.0,3221.0
418,3278.9,3223.0
419,3257.1,3225.0
420,3252.1,3227.0
421,3243.8,3229.0
422,3245.1,3231.0
423,3241.6,3233.0
424,3245.8,3235.0
425,3237.3,3236.0
426,3229.5,3229.0
427,3256.8,3233.0
428,3237.4,3236.0
429,3241.6,3239.0
430,3245.7,3242.0
431,3232.8,3237.0
432,3228.7,3240.0
433,3211.5,3227.0
434,3206.4,3230.0
435,3188.6,3217.0
436,3176.9,3220.0
437,3176.0,3223.0
438,3176.4,3212.0
439,3189.2,3218.0
440,3174.0,3215.0
441,3177.5,3204.0
442,3195.2,3210.0
443,3193.8,3216.0
444,3211.2,3216.0
445,3222.3,3217.0
446,3240.9,3218.0
447,3236.1,3220.0
448,3229.6,3207.0
449,3251.6,3210.0
450,3241.4,3213.0
451,3239.8,3201.0
452,3259.8,3203.0
453,3251.2,3208.0
454,3245.7,3212.0
455,3243.7,3215.0
456,3242.2,3218.0
457,3245.5,3221.0
458,3249.6,3223.0
459,3261.3,3225.0
460,3252.2,3229.0
461,3249.3,3233.0
462,3256.1,3237.0
463,3249.4,3241.0
464,3238.3,3245.0
465,3219.9,3232.0
466,3266.9,3236.0
467,3252.6,3240.0
468,3247.2,3244.0
469,3236.1,3239.0
470,3255.3,3243.0
471,3240.1,3246.0
472,3230.1,3248.0
473,3210.6,3250.0
474,3217.1,3252.0
475,3217.5,3254.0
476,3207.6,3258.0
477,3205.5,3261.0
478,3204.1,3264.0
479,3192.4,3251.0
480,3229.1,3239.0
481,3220.7,3227.0
482,3221.2,3216.0
483,3227.3,3221.0
484,3204.5,3226.0
485,3195.0,3231.0
486,3193.3,3235.0
487,3186.6,3223.0
488,3195.0,3228.0
489,3195.6,3225.0
490,3209.2,3214.0
491,3204.9,3219.0
492,3195.5,3208.0
493,3199.6,3197.0
494,3202.0,3203.0
495,3187.1,3208.0
496,3197.6,3213.0
497,3191.0,3202.0
498,3198.0,3208.0
499,3195.5,3213.0
500,3198.7,3218.0
501,3202.4,3219.0
502,3207.9,3220.0
503,3210.6,3214.0
504,3246.5,3216.0
505,3248.2,3219.0
506,3254.4,3223.0
507,3258.5,3225.0
508,3299.4,3231.0
509,3272.7,3220.0
510,3269.2,3225.0
511,3254.8,3225.0
512,3239.0,3226.0
513,3249.9,3227.0
514,3254.1,3230.0
515,3240.6,3224.0
516,3262.5,3227.0
517,3259.4,3232.0
518,3247.6,3234.0
519,3266.9,3223.0
520,3281.1,3229.0
521,3274.4,3231.0
522,3276.7,3230.0
523,3251.0,3217.0
524,3253.5,3205.0
525,3242.3,3209.0
526,3236.4,3213.0
527,3235.9,3217.0
528,3237.6,3221.0
529,3217.9,3225.0
530,3202.4,3229.0
531,3192.9,3225.0
532,3225.5,3229.0
533,3232.6,3233.0
534,3226.3,3233.0
535,3237.1,3234.0
536,3228.7,3227.0
537,3241.6,3227.0
538,3219.3,3212.0
539,3219.5,3205.0
540,3222.0,3206.0
541,3202.5,3207.0
542,3174.9,3202.0
543,3179.7,3204.0
544,3187.0,3207.0
545,3178.3,3207.0
546,3191.3,3208.0
547,3183.7,3210.0
548,3201.6,3212.0
549,3218.7,3216.0
550,3212.4,3204.0
551,3221.3,3198.0
552,3220.4,3199.0
553,3209.3,3203.0
554,3205.6,3208.0
555,3208.5,3217.0
556,3198.5,3217.0
557,3200.6,3218.0
558,3187.8,3219.0
559,3180.8,3221.0
560,3168.3,3207.0
561,3209.8,3209.0
562,3206.3,3197.0
563,3199.3,3198.0
564,3196.0,3200.0
565,3187.1,3205.0
566,3188.1,3209.0
567,3179.7,3209.0
568,3203.0,3210.0
569,3189.0,3212.0
570,3204.1,3214.0
571,3218.6,3217.0
572,3212.8,3205.0
573,3250.8,3208.0
574,3225.5,3195.0
575,3230.3,3197.0
576,3228.0,3200.0
577,3230.7,3204.0
578,3227.4,3204.0
579,3225.0,3204.0
580,3215.0,3205.0
581,3208.0,3206.0
582,3187.5,3192.0
583,3217.6,3192.0
584,3226.0,3193.0
585,3223.9,3187.0
586,3232.3,3189.0
587,3208.9,3179.0
588,3194.2,3177.0
589,3168.0,3175.0
590,3175.1,3182.0
591,3160.0,3172.0
592,3166.3,3179.0
593,3157.1,3169.0
594,3156.0,3176.0
595,3161.9,3182.0
596,3169.1,3188.0
597,3170.9,3194.0
598,3159.6,3194.0
599,3170.8,3195.0
600,3158.2,3196.0
601,3138.6,3183.0
602,3154.6,3184.0
603,3154.3,3186.0
604,3166.1,3189.0
605,3161.7,3177.0
606,3156.2,3181.0
607,3149.9,3186.0
608,3172.4,3191.0
609,3167.7,3194.0
610,3168.5,3197.0
611,3177.4,3199.0
612,3193.7,3185.0
613,3211.4,3188.0
614,3186.5,3175.0
615,3171.5,3178.0
616,3179.3,3181.0
617,3177.4,3184.0
618,3172.1,3179.0
619,3196.1,3174.0
620,3201.6,3177.0
621,3196.7,3180.0
622,3182.3,3183.0
623,3196.2,3188.0
624,3197.2,3193.0
625,3220.8,3197.0
626,3213.8,3185.0
627,3241.8,3185.0
628,3227.5,3186.0
629,3215.0,3180.0
630,3227.1,3182.0
631,3215.4,3184.0
632,3198.3,3172.0
633,3193.9,3173.0
634,3182.4,3175.0
635,3167.1,3177.0
636,3176.8,3181.0
637,3176.2,3187.0
638,3163.2,3187.0
639,3167.7,3188.0
640,3174.2,3190.0
641,3168.2,3193.0
642,3171.5,3197.0
643,3178.6,3202.0
644,3171.9,3192.0
645,3204.9,3181.0
646,3189.3,3175.0
647,3194.6,3177.0
648,3184.4,3180.0
649,3163.7,3180.0
650,3167.6,3180.0
651,3150.5,3181.0
652,3145.6,3183.0
653,3143.3,3186.0
654,3152.2,3190.0
655,3172.9,3187.0
656,3228.1,3192.0
657,3221.1,3188.0
658,3236.1,3185.0
659,3245.4,3190.0
660,3219.8,3180.0
661,3204.3,3164.0
662,3186.2,3164.0
663,3181.2,3164.0
664,3150.3,3165.0
665,3136.8,3166.0
666,3149.7,3168.0
667,3143.7,3172.0
668,3117.3,3169.0
669,3144.2,3173.0
670,3163.8,3179.0
671,3179.6,3182.0
672,3203.3,3186.0
673,3184.0,3189.0
674,3219.7,3192.0
675,3211.3,3179.0
676,3208.7,3175.0
677,3202.4,3164.0
678,3189.1,3169.0
679,3175.5,3174.0
680,3173.3,3179.0
681,3168.0,3183.0
682,3147.0,3187.0
683,3154.3,3191.0
684,3136.8,3195.0
685,3135.6,3199.0
686,3152.3,3203.0
687,3151.5,3190.0
688,3201.9,3192.0
689,3177.5,3180.0
690,3176.1,3177.0
691,3180.2,3175.0
692,3194.6,3181.0
693,3184.2,3187.0
694,3191.4,3192.0
695,3180.8,3197.0
696,3173.1,3202.0
697,3171.1,3192.0
698,3208.2,3198.0
699,3211.5,3204.0
700,3208.8,3210.0
701,3218.1,3215.0
702,3223.3,3220.0
703,3215.1,3206.0
704,3230.3,3192.0
705,3219.4,3178.0
706,3221.6,3181.0
707,3187.3,3176.0
708,3191.6,3179.0
709,3190.2,3182.0
710,3176.5,3169.0
711,3167.3,3172.0
712,3134.6,3167.0
713,3144.9,3171.0
714,3144.1,3175.0
715,3151.7,3179.0
716,3138.8,3167.0
717,3167.7,3171.0
718,3166.2,3175.0
719,3169.0,3179.0
720,3170.6,3183.0
721,3186.6,3187.0
722,3204.1,3191.0
723,3195.0,3194.0
724,3178.9,3181.0
725,3194.7,3185.0
726,3192.1,3181.0
727,3192.7,3169.0
728,3207.2,3173.0
729,3189.1,3157.0
730,3198.4,3157.0
731,3183.0,3157.0
732,3179.5,3158.0
733,3182.7,3158.0
734,3182.9,3161.0
735,3199.0,3165.0
736,3194.8,3154.0
737,3214.6,3157.0
738,3178.9,3145.0
739,3148.1,3147.0
740,3138.1,3149.0
741,3133.0,3151.0
742,3150.0,3158.0
743,3150.9,3149.0
744,3179.3,3156.0
745,3191.6,3163.0
746,3197.7,3170.0
747,3195.5,3176.0
748,3211.5,3176.0
749,3226.5,3177.0
750,3224.7,3178.0
751,3232.4,3180.0
752,3229.2,3183.0
753,3220.7,3186.0
754,3219.7,3193.0
755,3184.1,3190.0
756,3229.0,3189.0
757,3223.0,3194.0
758,3204.6,3201.0
759,3200.7,3201.0
760,3179.9,3202.0
761,3193.9,3203.0
762,3187.0,3205.0
763,3181.0,3208.0
764,3179.5,3213.0
765,3181.4,3218.0
766,3166.1,3223.0
767,3167.7,3230.0
768,3154.9,3237.0
769,3156.8,3226.0
770,3213.0,3224.0
771,3209.1,3215.0
772,3217.8,3222.0
773,3208.9,3229.0
774,3206.2,3235.0
775,3215.9,3241.0
776,3226.2,3247.0
777,3220.6,3253.0
778,3227.6,3258.0
779,3217.3,3263.0
780,3219.1,3260.0
781,3257.3,3265.0
782,3249.1,3254.0
783,3248.9,3251.0
784,3252.7,3256.0
785,3232.2,3245.0
786,3224.6,3243.0
787,3220.0,3233.0
788,3206.1,3223.0
789,3202.6,3230.0
790,3181.5,3236.0
791,3179.1,3234.0
792,3189.3,3240.0
793,3171.0,3240.0
794,3169.9,3241.0
795,3172.1,3242.0
796,3169.3,3244.0
797,3167.7,3247.0
798,3174.4,3251.0
799,3181.9,3239.0
800,3211.5,3244.0
801,3199.0,3235.0
802,3218.0,3239.0
803,3238.6,3242.0
804,3241.2,3246.0
805,3234.0,3250.0
806,3238.0,3253.0
807,3227.7,3240.0
808,3249.6,3244.0
809,3240.1,3248.0
810,3241.9,3252.0
811,3239.7,3255.0
812,3249.3,3258.0
813,3242.4,3245.0
814,3263.2,3249.0
815,3256.6,3250.0
816,3247.9,3237.0
817,3268.4,3241.0
818,3278.7,3245.0
819,3274.1,3249.0
820,3276.7,3252.0
821,3270.8,3255.0
822,3258.6,3258.0
823,3258.3,3255.0
824,3305.8,3260.0
825,3302.3,3265.0
826,3294.7,3253.0
827,3313.0,3258.0
828,3288.8,3247.0
829,3292.7,3252.0
830,3283.6,3257.0
831,3282.0,3262.0
832,3281.8,3267.0
833,3268.9,3271.0
834,3257.5,3275.0
835,3252.7,3278.0
836,3253.3,3280.0
837,3242.9,3282.0
838,3247.7,3284.0
839,3253.8,3284.0
840,3250.7,3284.0
841,3248.8,3284.0
842,3247.7,3285.0
843,3250.9,3286.0
844,3258.1,3288.0
845,3246.8,3276.0
846,3307.1,3279.0
847,3305.7,3279.0
848,3296.8,3279.0
849,3285.0,3280.0
850,3283.7,3282.0
851,3270.6,3284.0
852,3272.9,3286.0
853,3267.4,3290.0
854,3264.8,3288.0
855,3310.6,3290.0
856,3289.9,3293.0
857,3278.7,3290.0
858,3299.1,3290.0
859,3288.3,3290.0
860,3286.2,3290.0
861,3284.6,3290.0
862,3282.2,3291.0
863,3262.9,3293.0
864,3260.7,3295.0
865,3260.8,3298.0
866,3262.5,3301.0
867,3261.0,3306.0
868,3262.1,3313.0
869,3267.2,3316.0
870,3263.5,3319.0
871,3267.3,3321.0
872,3263.4,3323.0
873,3260.4,3325.0
874,3261.3,3327.0
875,3251.9,3328.0
876,3248.8,3329.0
877,3255.3,3332.0
878,3230.9,3335.0
879,3233.4,3338.0
880,3232.3,3341.0
881,3233.3,3344.0
882,3241.0,3347.0
883,3243.5,3350.0
884,3243.8,3353.0
885,3249.0,3348.0
886,3357.8,3335.0
887,3357.7,3338.0
888,3363.3,3341.0
889,3357.8,3344.0
890,3360.1,3347.0
891,3347.7,3349.0
892,3340.4,3351.0
893,3342.5,3353.0
894,3341.8,3355.0
895,3311.1,3340.0
896,3350.7,3342.0
897,3328.6,3344.0
898,3326.4,3346.0
899,3326.7,3348.0
900,3325.4,3350.0
901,3326.3,3352.0
902,3328.5,3354.0
903,3316.9,3340.0
904,3338.6,3342.0
905,3333.3,3344.0
906,3329.3,3346.0
907,3344.0,3348.0
908,3336.7,3350.0
909,3327.9,3352.0
910,3319.1,3354.0
911,3314.4,3356.0
912,3302.7,3358.0
913,3291.9,3344.0
914,3321.2,3346.0
915,3329.4,3348.0
916,3331.5,3350.0
917,3329.9,3352.0
918,3320.1,3346.0
919,3341.9,3348.0
920,3340.9,3350.0
921,3336.8,3344.0
922,3358.8,3346.0
923,3359.8,3348.0
924,3362.1,3334.0
925,3358.9,3336.0
926,3334.7,3308.0
927,3344.0,3312.0
928,3348.6,3316.0
929,3341.5,3304.0
930,3351.3,3308.0
931,3352.9,3312.0
932,3346.6,3316.0
933,3348.4,3319.0
934,3345.3,3314.0
935,3378.6,3319.0
936,3365.6,3323.0
937,3346.2,3319.0
938,3348.9,3307.0
939,3345.0,3307.0
940,3335.8,3307.0
941,3323.8,3308.0
942,3323.5,3309.0
943,3310.6,3311.0
944,3316.7,3314.0
945,3303.4,3317.0
946,3294.3,3312.0
947,3343.0,3316.0
948,3343.6,3318.0
949,3351.0,3314.0
950,3372.8,3314.0
951,3367.1,3314.0
952,3361.7,3315.0
953,3356.6,3316.0
954,3361.2,3318.0
955,3356.8,3313.0
956,3385.7,3315.0
957,3380.4,3303.0
958,3363.2,3304.0
959,3357.8,3307.0
960,3347.9,3311.0
961,3338.9,3299.0
962,3343.2,3288.0
963,3327.7,3294.0
964,3313.6,3284.0
965,3304.0,3274.0
966,3298.2,3264.0
967,3300.1,3255.0
968,3314.0,3262.0
969,3305.9,3269.0
970,3305.0,3260.0
971,3312.8,3267.0
972,3322.4,3273.0
973,3321.3,3263.0
974,3308.2,3269.0
975,3322.9,3275.0
976,3302.9,3265.0
977,3309.0,3253.0
978,3311.3,3255.0
979,3280.3,3257.0
980,3280.7,3261.0
981,3290.6,3265.0
982,3281.9,3268.0
983,3286.3,3271.0
984,3294.0,3266.0
985,3324.6,3269.0
986,3314.6,3256.0
987,3325.4,3260.0
988,3317.5,3264.0
989,3299.1,3251.0
990,3300.5,3257.0
991,3290.5,3263.0
992,3295.6,3268.0
993,3290.6,3265.0
994,3312.2,3270.0
995,3289.9,3267.0
996,3304.6,3264.0
997,3320.3,3269.0
998,3306.4,3266.0
999,3336.9,3271.0
1000,3345.9,3276.0
1001,3350.2,3281.0
1002,3340.7,3286.0
1003,3334.1,3290.0
1004,3324.5,3278.0
1005,3348.0,3283.0
1006,3317.0,3272.0
1007,3319.3,3277.0
1008,3320.2,3282.0
1009,3301.1,3271.0
1010,3306.3,3273.0
1011,3281.1,3275.0
1012,3260.6,3280.0
1013,3268.9,3285.0
1014,3264.7,3290.0
1015,3266.5,3294.0
1016,3275.9,3298.0
1017,3258.8,3286.0
1018,3291.3,3291.0
1019,3296.8,3295.0
1020,3287.2,3299.0
1021,3277.1,3299.0
1022,3290.8,3299.0
1023,3261.2,3284.0
1024,3282.8,3284.0
1025,3281.3,3285.0
1026,3264.1,3286.0
1027,3251.7,3272.0
1028,3247.8,3258.0
1029,3230.0,3242.0
1030,3248.6,3242.0
1031,3251.8,3242.0
1032,3256.2,3247.0
1033,3270.3,3252.0
1034,3277.9,3257.0
1035,3257.7,3246.0
1036,3283.6,3251.0
1037,3279.1,3256.0
1038,3297.7,3256.0
1039,3302.7,3256.0
1040,3301.1,3257.0
1041,3301.1,3258.0
1042,3285.4,3260.0
1043,3274.3,3263.0
1044,3263.1,3260.0
1045,3311.0,3264.0
1046,3289.6,3264.0
1047,3323.6,3269.0
1048,3315.4,3266.0
1049,3325.0,3271.0
1050,3305.8,3260.0
1051,3307.0,3265.0
1052,3330.2,3270.0
1053,3332.1,3275.0
1054,3319.6,3272.0
1055,3327.5,3277.0
1056,3314.9,3282.0
1057,3307.5,3286.0
1058,3305.7,3290.0
1059,3297.4,3294.0
1060,3289.2,3282.0
1061,3323.6,3278.0
1062,3324.5,3275.0
1063,3322.7,3264.0
1064,3328.0,3270.0
1065,3324.7,3275.0
1066,3325.0,3280.0
1067,3301.9,3269.0
1068,3316.7,3274.0
1069,3308.5,3279.0
1070,3323.7,3284.0
1071,3313.1,3273.0
1072,3311.5,3262.0
1073,3288.1,3252.0
1074,3294.5,3258.0
1075,3277.5,3264.0
1076,3267.1,3254.0
1077,3266.8,3260.0
1078,3254.2,3250.0
1079,3229.8,3241.0
1080,3201.9,3232.0
1081,3202.2,3239.0
1082,3205.0,3246.0
1083,3218.7,3237.0
1084,3229.5,3244.0
1085,3210.9,3243.0
1086,3224.6,3250.0
1087,3238.6,3257.0
1088,3228.2,3247.0
1089,3264.5,3254.0
1090,3285.4,3260.0
1091,3285.5,3266.0
1092,3281.3,3272.0
1093,3284.8,3278.0
1094,3287.4,3267.0
1095,3308.4,3265.0
1096,3307.5,3255.0
1097,3308.1,3261.0
1098,3293.3,3267.0
1099,3298.5,3273.0
1100,3294.4,3279.0
1101,3310.0,3284.0
1102,3316.1,3289.0
1103,3315.2,3294.0
1104,3311.7,3299.0
1105,3328.5,3304.0
1106,3332.5,3307.0
1107,3337.2,3310.0
1108,3336.4,3313.0
1109,3332.9,3316.0
1110,3311.2,3320.0
1111,3262.2,3308.0
1112,3313.6,3312.0
1113,3287.7,3308.0
1114,3295.6,3312.0
1115,3282.5,3316.0
1116,3273.2,3318.0
1117,3255.2,3320.0
1118,3253.0,3322.0
1119,3256.8,3324.0
1120,3260.8,3327.0
1121,3276.7,3329.0
1122,3260.7,3315.0
1123,3293.9,3318.0
1124,3301.4,3321.0
1125,3299.8,3324.0
1126,3300.1,3324.0
1127,3291.6,3324.0
1128,3282.4,3325.0
1129,3265.0,3318.0
1130,3291.3,3319.0
1131,3288.9,3321.0
1132,3283.6,3308.0
1133,3283.1,3309.0
1134,3269.2,3311.0
1135,3269.6,3314.0
1136,3257.3,3317.0
1137,3279.0,3317.0
1138,3261.2,3317.0
1139,3258.4,3318.0
1140,3247.2,3319.0
1141,3246.7,3322.0
1142,3241.2,3309.0
1143,3270.1,3303.0
1144,3267.2,3304.0
1145,3245.7,3307.0
1146,3251.9,3302.0
1147,3243.6,3290.0
1148,3269.7,3292.0
1149,3252.6,3294.0
1150,3267.3,3296.0
1151,3269.1,3298.0
1152,3286.3,3300.0
1153,3312.0,3302.0
1154,3310.9,3304.0
1155,3309.0,3306.0
1156,3302.1,3308.0
1157,3305.3,3308.0
1158,3298.7,3308.0
1159,3309.6,3309.0
1160,3310.1,3311.0
1161,3300.9,3313.0
1162,3293.9,3317.0
1163,3274.2,3305.0
1164,3316.7,3292.0
1165,3316.6,3294.0
1166,3307.3,3296.0
1167,3299.6,3299.0
1168,3297.0,3301.0
1169,3282.9,3303.0
1170,3245.1,3289.0
1171,3273.1,3291.0
1172,3257.1,3293.0
1173,3272.0,3295.0
1174,3289.1,3297.0
1175,3263.1,3283.0
1176,3276.2,3269.0
1177,3263.3,3272.0
1178,3255.5,3267.0
1179,3252.8,3270.0
1180,3262.3,3273.0
1181,3268.0,3276.0
1182,3242.6,3260.0
1183,3251.2,3260.0
1184,3247.1,3260.0
1185,3260.8,3260.0
1186,3260.9,3261.0
1187,3279.9,3263.0
1188,3285.7,3267.0
1189,3294.1,3271.0
1190,3281.0,3268.0
1191,3314.5,3273.0
1192,3291.7,3263.0
1193,3311.0,3267.0
1194,3284.8,3255.0
1195,3297.1,3259.0
1196,3297.0,3263.0
1197,3286.3,3267.0
1198,3266.0,3271.0
1199,3270.7,3275.0
1200,3270.8,3279.0
1201,3277.6,3283.0
1202,3289.2,3287.0
1203,3287.5,3291.0
1204,3289.9,3279.0
1205,3324.9,3267.0
1206,3316.8,3264.0
1207,3318.5,3269.0
1208,3316.0,3274.0
1209,3308.1,3262.0
1210,3312.4,3259.0
1211,3305.8,3264.0
1212,3292.2,3269.0
1213,3268.4,3271.0
1214,3254.5,3274.0
1215,3267.0,3279.0
1216,3253.2,3268.0
1217,3264.6,3274.0
1218,3255.2,3271.0
1219,3267.1,3277.0
1220,3260.2,3274.0
1221,3266.3,3263.0
1222,3270.4,3268.0
1223,3261.2,3257.0
1224,3268.3,3246.0
1225,3251.8,3236.0
1226,3242.4,3226.0
1227,3252.8,3245.0
1228,3252.4,3252.0
1229,3239.9,3259.0
1230,3226.2,3265.0
1231,3233.5,3271.0
1232,3233.2,3269.0
1233,3257.0,3259.0
1234,3261.9,3265.0
1235,3272.9,3271.0
1236,3279.7,3277.0
1237,3283.0,3277.0
1238,3285.7,3278.0
1239,3278.9,3279.0
1240,3289.1,3281.0
1241,3297.3,3284.0
1242,3283.2,3288.0
1243,3285.1,3293.0
1244,3269.3,3282.0
1245,3318.5,3284.0
1246,3315.5,3288.0
1247,3316.0,3285.0
1248,3329.7,3285.0
1249,3317.5,3286.0
1250,3317.9,3287.0
1251,3311.9,3289.0
1252,3318.7,3292.0
1253,3308.4,3296.0
1254,3308.6,3299.0
1255,3289.4,3288.0
1256,3322.8,3292.0
1257,3321.4,3290.0
1258,3328.8,3285.0
1259,3333.4,3287.0
1260,3313.6,3289.0
1261,3316.4,3291.0
1262,3314.1,3293.0
1263,3307.1,3287.0
1264,3299.8,3289.0
1265,3295.0,3291.0
1266,3278.6,3277.0
1267,3275.8,3279.0
1268,3262.7,3279.0
1269,3254.3,3280.0
1270,3244.9,3273.0
1271,3250.0,3273.0
1272,3243.5,3274.0
1273,3238.8,3276.0
1274,3257.6,3279.0
1275,3239.4,3267.0
1276,3238.8,3254.0
1277,3252.1,3248.0
1278,3259.5,3250.0
1279,3254.1,3250.0
1280,3254.8,3251.0
1281,3240.1,3236.0
1282,3249.2,3236.0
1283,3233.5,3237.0
1284,3232.8,3239.0
1285,3239.2,3243.0
1286,3256.8,3246.0
1287,3269.1,3247.0
1288,3297.9,3244.0
1289,3300.8,3248.0
1290,3290.3,3250.0
1291,3290.0,3236.0
1292,3292.5,3239.0
1293,3286.1,3242.0
1294,3268.4,3247.0
1295,3270.6,3251.0
1296,3278.7,3255.0
1297,3269.7,3243.0
1298,3283.3,3247.0
1299,3279.9,3243.0
1300,3285.9,3247.0
1301,3285.6,3251.0
1302,3285.3,3255.0
1303,3278.6,3243.0
1304,3293.9,3247.0
1305,3281.7,3251.0
1306,3269.2,3247.0
1307,3279.2,3251.0
1308,3286.9,3255.0
1309,3277.0,3259.0
1310,3284.5,3263.0
1311,3282.2,3266.0
1312,3302.2,3268.0
1313,3298.0,3271.0
1314,3297.6,3258.0
1315,3325.9,3262.0
1316,3306.3,3258.0
1317,3327.3,3262.0
1318,3312.8,3266.0
1319,3313.9,3270.0
1320,3308.4,3273.0
1321,3309.2,3276.0
1322,3308.4,3279.0
1323,3306.2,3281.0
1324,3310.8,3284.0
1325,3305.5,3279.0
1326,3342.6,3282.0
1327,3324.5,3284.0
1328,3328.4,3288.0
1329,3308.5,3276.0
1330,3310.5,3281.0
1331,3285.5,3278.0
1332,3274.3,3283.0
1333,3263.9,3287.0
1334,3265.4,3291.0
1335,3265.1,3295.0
1336,3255.7,3291.0
1337,3276.0,3295.0
1338,3268.5,3297.0
1339,3280.5,3299.0
1340,3282.0,3285.0
1341,3272.0,3287.0
1342,3252.9,3273.0
1343,3248.6,3267.0
1344,3247.1,3270.0
1345,3237.8,3273.0
1346,3235.1,3275.0
1347,3219.7,3277.0
1348,3216.8,3279.0
1349,3205.4,3281.0
1350,3203.7,3283.0
1351,3221.2,3285.0
1352,3242.6,3287.0
1353,3240.4,3289.0
1354,3241.0,3289.0
1355,3240.6,3289.0
1356,3236.5,3290.0
1357,3233.7,3291.0
1358,3236.1,3293.0
1359,3246.6,3299.0
1360,3240.5,3305.0
1361,3238.7,3309.0
1362,3231.8,3300.0
1363,3311.9,3303.0
1364,3293.7,3308.0
1365,3284.8,3297.0
1366,3300.4,3302.0
1367,3306.1,3307.0
1368,3301.6,3312.0
1369,3298.2,3317.0
1370,3311.9,3321.0
1371,3306.9,3309.0
1372,3332.1,3314.0
1373,3336.3,3319.0
1374,3334.7,3308.0
1375,3338.8,3305.0
1376,3348.5,3310.0
1377,3337.5,3315.0
1378,3345.4,3320.0
1379,3320.2,3309.0
1380,3331.2,3314.0
1381,3320.6,3319.0
1382,3327.9,3321.0
1383,3316.2,3318.0
1384,3343.1,3323.0
1385,3341.4,3328.0
1386,3322.0,3324.0
1387,3339.5,3329.0
1388,3320.8,3316.0
1389,3330.3,3320.0
1390,3309.8,3324.0
1391,3309.2,3320.0
1392,3307.0,3324.0
1393,3310.6,3328.0
1394,3302.7,3331.0
1395,3301.9,3334.0
1396,3300.6,3329.0
1397,3318.7,3332.0
1398,3301.0,3320.0
1399,3304.5,3309.0
1400,3304.4,3314.0
1401,3289.8,3319.0
1402,3293.6,3324.0
1403,3288.8,3329.0
1404,3283.4,3333.0
1405,3281.1,3329.0
1406,3305.8,3333.0
1407,3296.8,3337.0
1408,3293.6,3339.0
1409,3297.2,3341.0
1410,3308.0,3327.0
1411,3325.6,3329.0
1412,3303.4,3323.0
1413,3312.6,3317.0
1414,3319.0,3303.0
1415,3304.7,3306.0
1416,3300.1,3309.0
1417,3299.0,3304.0
1418,3326.9,3307.0
1419,3326.8,3310.0
1420,3323.2,3313.0
1421,3317.1,3313.0
1422,3325.6,3313.0
1423,3328.4,3314.0
1424,3323.3,3315.0
1425,3328.8,3317.0
1426,3326.3,3320.0
1427,3328.0,3308.0
1428,3365.9,3311.0
1429,3353.6,3314.0
1430,3358.9,3318.0
1431,3351.8,3313.0
1432,3364.6,3318.0
1433,3331.7,3306.0
1434,3335.7,3311.0
1435,3337.9,3316.0
1436,3328.5,3305.0
1437,3325.4,3310.0
1438,3310.1,3315.0
1439,3301.1,3320.0
1440,3310.2,3324.0
1441,3302.5,3320.0
1442,3320.0,3324.0
1443,3321.9,3312.0
1444,3322.4,3317.0
1445,3314.4,3321.0
1446,3307.3,3318.0
1447,3335.2,3307.0
1448,3313.6,3296.0
1449,3301.5,3286.0
1450,3296.0,3284.0
1451,3316.0,3290.0
1452,3296.1,3280.0
1453,3291.0,3270.0
1454,3298.0,3269.0
1455,3295.4,3276.0
1456,3286.3,3283.0
1457,3293.1,3289.0
1458,3301.4,3295.0
1459,3312.7,3293.0
1460,3330.0,3299.0
1461,3324.6,3305.0
1462,3314.0,3302.0
1463,3325.8,3307.0
1464,3316.0,3296.0
1465,3331.2,3302.0
1466,3327.3,3307.0
1467,3314.1,3304.0
1468,3319.8,3293.0
1469,3318.3,3299.0
1470,3306.3,3305.0
1471,3304.1,3310.0
1472,3299.4,3314.0
1473,3312.6,3318.0
1474,3298.5,3306.0
1475,3330.4,3310.0
1476,3323.3,3314.0
1477,3313.7,3318.0
1478,3334.4,3322.0
1479,3335.1,3309.0
1480,3361.9,3313.0
1481,3320.9,3301.0
1482,3333.5,3297.0
1483,3328.8,3301.0
1484,3323.0,3289.0
1485,3318.7,3294.0
1486,3299.0,3298.0
1487,3303.3,3302.0
1488,3269.6,3290.0
1489,3282.0,3294.0
1490,3283.6,3290.0
1491,3315.9,3294.0
1492,3310.0,3298.0
1493,3299.4,3302.0
1494,3298.2,3306.0
1495,3320.9,3310.0
1496,3321.9,3313.0
1497,3298.8,3315.0
1498,3294.7,3317.0
1499,3295.0,3313.0
1500,3330.5,3317.0
1501,3329.3,3320.0
1502,3313.3,3305.0
1503,3290.7,3300.0
1504,3282.0,3287.0
1505,3265.1,3291.0
1506,3253.4,3295.0
1507,3272.0,3300.0
1508,3279.4,3297.0
1509,3290.3,3302.0
1510,3287.0,3307.0
1511,3274.2,3296.0
1512,3277.7,3301.0
1513,3298.0,3301.0
1514,3291.1,3301.0
1515,3312.7,3302.0
1516,3302.9,3288.0
1517,3305.9,3289.0
1518,3288.5,3292.0
1519,3291.6,3294.0
1520,3291.6,3298.0
1521,3302.3,3302.0
1522,3321.0,3308.0
1523,3315.3,3308.0
1524,3340.8,3310.0
1525,3324.9,3296.0
1526,3313.7,3290.0
1527,3330.7,3293.0
1528,3331.7,3296.0
1529,3310.7,3282.0
1530,3297.3,3285.0
1531,3279.7,3288.0
1532,3279.0,3291.0
1533,3280.0,3294.0
1534,3273.8,3294.0
1535,3273.8,3294.0
1536,3296.6,3295.0
1537,3295.5,3297.0
1538,3283.1,3300.0
1539,3275.1,3286.0
1540,3342.7,3288.0
1541,3335.3,3290.0
1542,3331.7,3293.0
1543,3328.9,3290.0
1544,3342.7,3293.0
1545,3344.6,3293.0
1546,3338.9,3294.0
1547,3340.4,3295.0
1548,3338.0,3297.0
1549,3333.1,3300.0
1550,3341.6,3304.0
1551,3330.9,3301.0
1552,3358.1,3305.0
1553,3354.4,3308.0
1554,3334.4,3307.0
1555,3351.0,3310.0
1556,3351.2,3313.0
1557,3347.3,3316.0
1558,3339.0,3311.0
1559,3367.7,3314.0
1560,3359.7,3317.0
1561,3340.4,3304.0
1562,3345.9,3308.0
1563,3323.1,3312.0
1564,3329.4,3315.0
1565,3316.0,3302.0
1566,3310.1,3306.0
1567,3305.7,3310.0
1568,3296.3,3313.0
1569,3288.1,3316.0
1570,3294.0,3319.0
1571,3301.3,3322.0
1572,3294.3,3317.0
1573,3332.1,3312.0
1574,3344.5,3315.0
1575,3333.3,3318.0
1576,3332.0,3322.0
1577,3329.0,3326.0
1578,3331.8,3314.0
1579,3340.1,3318.0
1580,3332.4,3323.0
1581,3332.5,3327.0
1582,3348.0,3331.0
1583,3355.3,3334.0
1584,3344.6,3329.0
1585,3365.3,3333.0
1586,3364.5,3337.0
1587,3362.2,3341.0
1588,3363.0,3345.0
1589,3364.0,3348.0
1590,3363.3,3351.0
1591,3364.5,3353.0
1592,3357.1,3347.0
1593,3381.6,3349.0
1594,3373.0,3351.0
1595,3368.4,3354.0
1596,3361.3,3349.0
1597,3378.6,3336.0
1598,3375.0,3340.0
1599,3359.8,3342.0
1600,3341.3,3344.0
1601,3312.2,3330.0
1602,3310.8,3324.0
1603,3319.5,3318.0
1604,3324.3,3321.0
1605,3308.9,3323.0
1606,3302.0,3309.0
1607,3310.6,3312.0
1608,3309.1,3315.0
1609,3299.2,3318.0
1610,3311.7,3318.0
1611,3310.3,3318.0
1612,3314.6,3319.0
1613,3305.8,3320.0
1614,3297.3,3322.0
1615,3274.4,3309.0
1616,3293.0,3304.0
1617,3301.9,3305.0
1618,3286.6,3308.0
1619,3291.9,3303.0
1620,3303.1,3306.0
1621,3299.2,3306.0
1622,3305.7,3306.0
1623,3299.4,3306.0
1624,3309.2,3306.0
1625,3316.1,3306.0
1626,3338.4,3306.0
1627,3340.4,3306.0
1628,3325.6,3306.0
1629,3320.5,3306.0
1630,3321.4,3306.0
1631,3320.8,3306.0
1632,3316.1,3306.0
1633,3314.6,3298.0
1634,3361.8,3298.0
1635,3352.7,3298.0
1636,3347.3,3299.0
1637,3347.2,3301.0
1638,3350.8,3304.0
1639,3349.5,3299.0
1640,3371.2,3290.0
1641,3369.8,3292.0
1642,3357.4,3295.0
1643,3351.6,3295.0
1644,3350.5,3296.0
1645,3348.7,3297.0
1646,3340.0,3299.0
1647,3333.3,3302.0
1648,3327.5,3306.0
1649,3322.1,3301.0
1650,3356.1,3305.0
1651,3349.0,3310.0
1652,3337.7,3310.0
1653,3356.7,3314.0
1654,3348.8,3308.0
1655,3361.7,3310.0
1656,3341.2,3312.0
1657,3340.5,3314.0
1658,3349.7,3317.0
1659,3349.7,3320.0
1660,3351.4,3307.0
1661,3367.7,3310.0
1662,3361.1,3313.0
1663,3352.8,3308.0
1664,3372.3,3311.0
1665,3362.4,3314.0
1666,3362.4,3317.0
1667,3357.6,3320.0
1668,3351.6,3323.0
1669,3351.8,3326.0
1670,3334.2,3320.0
1671,3366.5,3315.0
1672,3362.4,3302.0
1673,3352.4,3305.0
1674,3324.8,3292.0
1675,3315.8,3287.0
1676,3321.1,3291.0
1677,3307.4,3295.0
1678,3313.8,3299.0
1679,3309.9,3303.0
1680,3315.4,3307.0
1681,3298.1,3311.0
1682,3302.6,3311.0
1683,3305.4,3311.0
1684,3301.8,3312.0
1685,3306.9,3314.0
1686,3305.0,3317.0
1687,3302.2,3320.0
1688,3298.8,3325.0
1689,3267.9,3321.0
1690,3324.6,3316.0
1691,3348.8,3322.0
1692,3337.1,3327.0
1693,3337.7,3329.0
1694,3316.5,3318.0
1695,3312.8,3316.0
1696,3320.4,3322.0
1697,3312.5,3328.0
1698,3302.0,3317.0
1699,3312.5,3315.0
1700,3316.0,3305.0
1701,3320.0,3311.0
1702,3304.9,3317.0
1703,3297.0,3307.0
1704,3318.5,3310.0
1705,3337.6,3313.0
1706,3322.5,3300.0
1707,3326.0,3303.0
1708,3327.5,3306.0
1709,3337.8,3301.0
1710,3333.7,3304.0
1711,3333.7,3307.0
1712,3330.8,3310.0
1713,3325.7,3313.0
1714,3319.8,3316.0
1715,3315.1,3319.0
1716,3318.5,3322.0
1717,3326.3,3325.0
1718,3314.8,3328.0
1719,3310.6,3331.0
1720,3313.0,3334.0
1721,3300.3,3321.0
1722,3329.3,3324.0
1723,3311.4,3311.0
1724,3307.8,3299.0
1725,3297.8,3303.0
1726,3295.9,3307.0
1727,3285.0,3303.0
1728,3310.2,3307.0
1729,3314.9,3311.0
1730,3318.1,3313.0
1731,3311.2,3299.0
1732,3339.3,3301.0
1733,3337.7,3303.0
1734,3330.9,3289.0
1735,3345.4,3291.0
1736,3340.5,3293.0
1737,3347.1,3295.0
1738,3344.9,3297.0
1739,3335.8,3299.0
1740,3324.1,3301.0
1741,3320.5,3301.0
1742,3323.5,3301.0
1743,3313.4,3302.0
1744,3294.1,3288.0
1745,3335.3,3288.0
1746,3318.7,3289.0
1747,3319.6,3291.0
1748,3297.4,3278.0
1749,3290.9,3271.0
1750,3284.0,3272.0
1751,3283.5,3275.0
1752,3285.6,3278.0
1753,3271.9,3265.0
1754,3296.5,3268.0
1755,3298.4,3263.0
1756,3302.7,3266.0
1757,3296.4,3269.0
1758,3301.5,3274.0
1759,3303.2,3278.0
1760,3303.0,3282.0
1761,3297.6,3286.0
1762,3280.4,3289.0
1763,3279.0,3292.0
1764,3278.4,3287.0
1765,3315.8,3291.0
1766,3313.4,3294.0
1767,3302.2,3281.0
1768,3314.1,3285.0
1769,3311.8,3281.0
1770,3315.7,3285.0
1771,3294.4,3285.0
1772,3296.5,3286.0
1773,3291.7,3287.0
1774,3281.6,3289.0
1775,3284.2,3291.0
1776,3289.5,3294.0
1777,3285.7,3291.0
1778,3333.1,3298.0
1779,3334.4,3303.0
1780,3345.3,3308.0
1781,3332.9,3311.0
1782,3343.4,3311.0
1783,3337.7,3311.0
1784,3320.8,3312.0
1785,3321.2,3313.0
1786,3307.1,3308.0
1787,3349.7,3310.0
1788,3335.5,3312.0
1789,3325.8,3307.0
1790,3338.8,3310.0
1791,3342.6,3316.0
1792,3338.5,3318.0
1793,3334.4,3322.0
1794,3313.4,3326.0
1795,3300.2,3314.0
1796,3323.4,3318.0
1797,3298.9,3306.0
1798,3284.2,3301.0
1799,3286.4,3289.0
1800,3266.0,3277.0
1801,3256.2,3265.0
1802,3248.1,3262.0
1803,3242.3,3267.0
1804,3230.2,3272.0
1805,3226.9,3277.0
1806,3237.2,3281.0
1807,3247.2,3285.0
1808,3263.0,3281.0
1809,3285.6,3285.0
1810,3293.0,3273.0
1811,3305.7,3278.0
1812,3301.1,3274.0
1813,3320.6,3279.0
1814,3309.7,3275.0
1815,3321.0,3280.0
1816,3314.5,3276.0
1817,3313.4,3272.0
1818,3318.4,3277.0
1819,3306.5,3273.0
1820,3314.4,3278.0
1821,3315.7,3275.0
1822,3334.5,3280.0
1823,3311.0,3284.0
1824,3311.9,3288.0
1825,3313.0,3292.0
1826,3293.9,3296.0
1827,3291.1,3300.0
1828,3291.5,3304.0
1829,3280.8,3291.0
1830,3316.0,3295.0
1831,3296.0,3283.0
1832,3287.7,3271.0
1833,3295.2,3268.0
1834,3292.1,3257.0
1835,3282.3,3257.0
1836,3265.2,3250.0
1837,3261.8,3250.0
1838,3257.9,3251.0
1839,3255.2,3253.0
1840,3264.4,3255.0
1841,3255.8,3242.0
1842,3285.1,3244.0
1843,3296.4,3247.0
1844,3301.2,3251.0
1845,3306.3,3256.0
1846,3305.7,3251.0
1847,3335.3,3255.0
1848,3313.6,3261.0
1849,3306.7,3266.0
1850,3283.8,3263.0
1851,3292.3,3268.0
1852,3281.0,3265.0
1853,3289.0,3270.0
1854,3279.6,3275.0
1855,3275.9,3280.0
1856,3283.8,3284.0
1857,3286.5,3286.0
1858,3296.8,3288.0
1859,3293.0,3291.0
1860,3292.0,3294.0
1861,3310.3,3297.0
1862,3315.6,3300.0
1863,3313.1,3302.0
1864,3306.9,3304.0
1865,3312.6,3307.0
1866,3296.1,3301.0
1867,3349.1,3306.0
1868,3340.5,3311.0
1869,3331.1,3308.0
1870,3343.3,3313.0
1871,3334.2,3318.0
1872,3329.3,3322.0
1873,3311.5,3322.0
1874,3306.6,3322.0
1875,3297.6,3323.0
1876,3287.6,3317.0
1877,3318.8,3318.0
1878,3315.5,3319.0
1879,3304.6,3322.0
1880,3310.9,3325.0
1881,3300.6,3325.0
1882,3307.5,3312.0
1883,3326.2,3315.0
1884,3319.0,3319.0
1885,3314.6,3323.0
1886,3320.9,3326.0
1887,3310.5,3329.0
1888,3305.7,3333.0
1889,3305.1,3337.0
1890,3304.2,3341.0
1891,3282.4,3328.0
1892,3302.8,3324.0
1893,3298.9,3312.0
1894,3292.8,3316.0
1895,3281.6,3320.0
1896,3270.4,3323.0
1897,3278.5,3326.0
1898,3279.2,3329.0
1899,3280.1,3332.0
1900,3268.9,3319.0
1901,3294.1,3322.0
1902,3304.4,3325.0
1903,3311.8,3328.0
1904,3325.3,3332.0
1905,3332.4,3336.0
1906,3334.4,3340.0
1907,3327.6,3344.0
1908,3321.7,3340.0
1909,3360.8,3344.0
1910,3342.8,3332.0
1911,3338.4,3320.0
1912,3333.1,3316.0
1913,3329.3,3321.0
1914,3295.9,3310.0
1915,3283.9,3307.0
1916,3290.1,3312.0
1917,3290.5,3317.0
1918,3286.2,3314.0
1919,3290.2,3303.0
1920,3301.3,3309.0
1921,3313.3,3314.0
1922,3302.4,3319.0
1923,3303.9,3316.0
1924,3332.1,3321.0
1925,3350.0,3326.0
1926,3324.9,3328.0
1927,3314.5,3330.0
1928,3315.9,3332.0
1929,3318.9,3336.0
1930,3318.6,3332.0
1931,3337.6,3336.0
1932,3331.5,3324.0
1933,3321.2,3328.0
1934,3317.5,3332.0
1935,3319.8,3334.0
1936,3329.0,3335.0
1937,3319.7,3321.0
1938,3323.0,3307.0
1939,3315.8,3310.0
1940,3314.0,3313.0
1941,3309.8,3316.0
1942,3308.8,3319.0
1943,3327.9,3321.0
1944,3319.5,3315.0
1945,3348.1,3318.0
1946,3343.5,3320.0
1947,3345.4,3322.0
1948,3363.2,3324.0
1949,3360.4,3310.0
1950,3354.6,3312.0
1951,3354.3,3314.0
1952,3349.5,3308.0
1953,3356.3,3311.0
1954,3340.3,3299.0
1955,3340.5,3303.0
1956,3335.8,3307.0
1957,3318.8,3307.0
1958,3307.4,3308.0
1959,3308.5,3309.0
1960,3294.4,3294.0
1961,3296.2,3279.0
1962,3292.5,3279.0
1963,3274.3,3264.0
1964,3272.4,3264.0
1965,3267.7,3264.0
1966,3267.6,3265.0
1967,3282.7,3267.0
1968,3282.1,3271.0
1969,3274.7,3275.0
1970,3273.8,3263.0
1971,3302.7,3267.0
1972,3299.9,3267.0
1973,3293.9,3268.0
1974,3302.6,3269.0
1975,3305.6,3271.0
1976,3297.4,3274.0
1977,3300.0,3277.0
1978,3287.5,3264.0
1979,3317.8,3267.0
1980,3318.9,3270.0
1981,3331.0,3265.0
1982,3324.4,3254.0
1983,3328.2,3242.0
1984,3330.1,3247.0
1985,3293.8,3243.0
1986,3307.7,3248.0
1987,3289.9,3252.0
1988,3282.0,3253.0
1989,3292.8,3257.0
1990,3269.9,3245.0
1991,3272.9,3241.0
1992,3285.1,3245.0
1993,3273.4,3233.0
1994,3272.8,3237.0
1995,3056.7,2896.0
1996,3054.7,2896.0
1997,3036.3,2896.0
1998,3034.9,2897.0
1999,3013.9,2901.0
2000,3023.5,2905.0
2001,3039.5,2914.0
2002,3040.7,2922.0
2003,3042.6,2930.0
2004,3034.7,2929.0
2005,3186.4,2919.0
2006,3394.3,3241.0
2007,3397.9,3244.0
2008,3374.8,3231.0
2009,3382.6,3235.0
2010,3364.3,3239.0
2011,3355.2,3243.0
2012,3353.9,3247.0
2013,3347.0,3251.0
2014,3357.5,3254.0
2015,3356.6,3257.0
2016,3265.9,3260.0
2017,3260.9,3263.0
2018,3271.4,3266.0
2019,3283.4,3270.0
2020,3273.7,3274.0
2021,3273.4,3278.0
2022,3270.8,3282.0
2023,3271.9,3285.0
2024,3253.6,3288.0
2025,3239.1,3275.0
2026,3291.7,3263.0
2027,3289.5,3267.0
2028,3273.0,3271.0
2029,3271.7,3271.0
2030,3243.1,3256.0
2031,3244.0,3256.0
2032,3218.8,3257.0
2033,3195.2,3258.0
2034,3210.4,3260.0
2035,3207.4,3263.0
2036,3220.3,3266.0
2037,3230.7,3270.0
2038,3208.8,3256.0
2039,3228.1,3251.0
2040,3241.2,3253.0
2041,3227.3,3242.0
2042,3245.0,3248.0
2043,3243.0,3253.0
2044,3240.5,3250.0
2045,3042.2,3255.0
2046,3038.7,3260.0
2047,3031.3,3265.0
2048,3043.9,3270.0
2049,3055.1,3274.0
2050,3057.6,3270.0
2051,3089.4,3274.0
2052,3087.7,3277.0
2053,3085.4,3280.0
2054,3082.1,3275.0
2055,3091.8,3278.0
2056,3282.4,3266.0
2057,3297.4,3270.0
2058,3255.2,3258.0
2059,3267.9,3262.0
2060,3254.4,3250.0
2061,3249.0,3239.0
2062,3250.7,3244.0
2063,3243.1,3249.0
2064,3237.4,3254.0
2065,3223.1,3251.0
2066,3233.8,3240.0
2067,3212.5,3229.0
2068,3232.5,3235.0
2069,3227.2,3240.0
2070,3226.0,3245.0
2071,3231.3,3234.0
2072,3246.7,3223.0
2073,3238.5,3221.0
2074,3239.6,3227.0
2075,3209.9,3217.0
2076,3198.9,3223.0
2077,3220.5,3229.0
2078,3233.4,3235.0
2079,3009.8,2919.0
2080,2992.1,2919.0
2081,2991.6,2919.0
2082,2994.7,2920.0
2083,2983.2,2922.0
2084,2982.5,2926.0
2085,2987.9,2930.0
2086,3008.2,2933.0
2087,2991.5,2925.0
2088,3002.9,2916.0
2089,3082.9,2920.0
2090,3276.7,3234.0
2091,3265.1,3225.0
2092,3272.8,3233.0
2093,3288.9,3240.0
2094,3296.1,3247.0
2095,3284.8,3238.0
2096,3291.9,3229.0
2097,3307.1,3228.0
2098,3325.7,3220.0
2099,3342.7,3212.0
2100,3255.5,3218.0
2101,3243.4,3216.0
2102,3252.9,3216.0
2103,3242.3,3217.0
2104,3226.3,3219.0
2105,3220.4,3221.0
2106,3214.7,3208.0
2107,3222.9,3194.0
2108,3204.8,3195.0
2109,3194.0,3197.0
2110,3192.5,3199.0
2111,3185.0,3201.0
2112,3196.8,3206.0
2113,3193.6,3211.0
2114,3204.6,3213.0
2115,3212.0,3215.0
2116,3201.1,3212.0
2117,3227.4,3201.0
2118,3240.4,3198.0
2119,3258.8,3203.0
2120,3247.0,3208.0
2121,3227.3,3213.0
2122,3215.2,3217.0
2123,3223.6,3221.0
2124,3219.8,3225.0
2125,3212.6,3229.0
2126,3213.3,3229.0
2127,3223.7,3230.0
2128,3241.4,3231.0
2129,3040.1,3233.0
2130,3037.5,3236.0
2131,3044.0,3240.0
2132,3045.1,3246.0
2133,3038.2,3247.0
2134,3102.8,3250.0
2135,3086.4,3257.0
2136,3079.0,3260.0
2137,2860.6,2920.0
2138,2849.8,2920.0
2139,2843.2,2920.0
2140,3046.0,2922.0
2141,3233.1,3250.0
2142,3253.0,3249.0
2143,3267.2,3256.0
2144,3253.3,3262.0
2145,3261.2,3268.0
2146,3251.1,3266.0
2147,3348.1,3254.0
2148,3333.2,3248.0
2149,3332.2,3250.0
2150,3311.5,3246.0
2151,3233.0,3242.0
2152,3259.1,3246.0
2153,3247.7,3251.0
2154,3252.1,3240.0
2155,3267.8,3245.0
2156,3263.2,3250.0
2157,3260.1,3255.0
2158,3264.4,3260.0
2159,3271.3,3265.0
2160,3264.5,3270.0
2161,3256.6,3275.0
2162,3251.8,3279.0
2163,3251.2,3283.0
2164,3232.7,3271.0
2165,3265.9,3276.0
2166,3255.0,3280.0
2167,3243.3,3280.0
2168,3248.5,3281.0
2169,3241.8,3282.0
2170,3247.4,3284.0
2171,3256.1,3286.0
2172,3248.4,3280.0
2173,3271.6,3275.0
2174,3279.7,3261.0
2175,3285.9,3263.0
2176,3266.7,3266.0
2177,3267.7,3270.0
2178,3239.8,3270.0
2179,3236.3,3271.0
2180,3240.7,3272.0
2181,3234.7,3267.0
2182,3275.3,3268.0
2183,3276.3,3272.0
2184,3284.7,3278.0
2185,3277.1,3268.0
2186,3291.5,3274.0
2187,3047.1,3266.0
2188,3069.4,3269.0
2189,2837.4,2922.0
2190,2817.3,2922.0
2191,3027.8,2922.0
2192,3006.7,2924.0
2193,3002.4,2918.0
2194,3017.6,2920.0
2195,3013.3,2915.0
2196,3026.1,2917.0
2197,3012.9,2911.0
2198,3013.5,2897.0
2199,3097.2,2888.0
2200,3340.2,3272.0
2201,3319.1,3272.0
2202,3333.0,3273.0
2203,3336.7,3274.0
2204,3334.6,3276.0
2205,3335.0,3271.0
2206,3359.0,3273.0
2207,3352.9,3261.0
2208,3360.7,3263.0
2209,3375.8,3258.0
2210,3295.6,3261.0
2211,3287.0,3256.0
2212,3294.8,3256.0
2213,3282.2,3257.0
2214,3265.3,3258.0
2215,3272.8,3260.0
2216,3279.8,3264.0
2217,3275.7,3254.0
2218,3299.3,3256.0
2219,3293.1,3258.0
2220,3259.0,3246.0
2221,3270.8,3249.0
2222,3254.4,3256.0
2223,3249.5,3260.0
2224,3230.9,3256.0
2225,3233.5,3244.0
2226,3223.2,3249.0
2227,3211.6,3254.0
2228,3215.3,3258.0
2229,3216.3,3259.0
2230,3243.0,3260.0
2231,3230.0,3254.0
2232,3268.7,3255.0
2233,3272.7,3258.0
2234,3283.9,3265.0
2235,3285.6,3269.0
2236,3290.2,3258.0
2237,3297.4,3261.0
2238,3299.9,3267.0
2239,3068.1,3274.0
2240,3049.0,3274.0
2241,3058.2,3275.0
2242,3048.0,3277.0
2243,3035.7,3272.0
2244,3054.8,3267.0
2245,3062.0,3271.0
2246,3054.9,3275.0
2247,3044.5,3279.0
2248,3030.5,3278.0
2249,3034.9,3267.0
2250,3288.2,3271.0
2251,3278.7,3273.0
2252,3282.8,3275.0
2253,3287.4,3280.0
2254,3295.3,3284.0
2255,3023.2,2888.0
2256,3014.5,2888.0
2257,3017.4,2889.0
2258,3004.1,2874.0
2259,3029.2,2875.0
2260,3031.3,2877.0
2261,2998.4,2863.0
2262,2994.2,2864.0
2263,2965.1,2850.0
2264,2971.2,2850.0
2265,3073.4,2844.0
2266,3376.2,3288.0
2267,3369.4,3292.0
2268,3369.4,3280.0
2269,3385.0,3284.0
2270,3359.4,3281.0
2271,3371.5,3281.0
2272,3380.4,3282.0
2273,3393.0,3284.0
2274,3387.6,3286.0
2275,3386.7,3289.0
2276,3260.7,3284.0
2277,3280.6,3282.0
2278,3277.2,3270.0
2279,3284.0,3256.0
2280,3292.6,3256.0
2281,3280.1,3258.0
2282,3279.2,3260.0
2283,3257.1,3246.0
2284,3279.6,3246.0
2285,3272.5,3247.0
2286,3260.1,3248.0
2287,3266.0,3250.0
2288,3273.8,3253.0
2289,3274.2,3240.0
2290,3301.1,3244.0
2291,3300.9,3246.0
2292,3297.1,3252.0
2293,3306.5,3257.0
2294,3296.2,3248.0
2295,3050.7,2844.0
2296,3043.6,2844.0
2297,3028.6,2846.0
2298,3010.0,2849.0
2299,2983.2,2854.0
2300,2984.4,2859.0
2301,2967.3,2846.0
2302,2987.5,2834.0
2303,2970.1,2828.0
2304,2974.9,2830.0
2305,2831.9,2831.0
2306,3068.1,3244.0
2307,3072.2,3232.0
2308,3066.9,3237.0
2309,3075.7,3242.0
2310,3082.2,3239.0
2311,3090.5,3244.0
2312,3082.1,3232.0
2313,3101.2,3237.0
2314,3106.9,3242.0
2315,3081.2,3231.0
2316,3280.1,3236.0
2317,3276.6,3241.0
2318,3272.7,3243.0
2319,3272.3,3243.0
2320,3265.2,3244.0
2321,3262.1,3245.0
2322,3255.9,3247.0
2323,3255.9,3250.0
2324,3243.0,3254.0
2325,3241.8,3244.0
2326,3281.8,3248.0
2327,3275.7,3244.0
2328,3289.1,3249.0
2329,3266.4,3243.0
2330,3259.1,3243.0
2331,3252.7,3244.0
2332,3260.1,3245.0
2333,3246.5,3248.0
2334,3253.2,3253.0
2335,3263.4,3260.0
2336,3263.4,3251.0
2337,3292.5,3256.0
2338,3278.9,3253.0
2339,3288.7,3261.0
2340,3287.6,3251.0
2341,3020.5,2831.0
2342,3011.6,2831.0
2343,3278.2,3256.0
2344,3253.8,3244.0
2345,2995.4,3249.0
2346,2990.3,3238.0
2347,3004.2,3243.0
2348,3003.0,3248.0
2349,3001.5,3253.0
2350,3000.1,3258.0
2351,3106.0,3246.0
2352,3121.2,3251.0
2353,2983.1,3256.0
2354,2979.4,3261.0
2355,2989.3,3265.0
2356,3249.8,3269.0
2357,3249.9,3273.0
2358,3246.4,3277.0
2359,3239.4,3281.0
2360,3235.9,3277.0
2361,3291.4,3281.0
2362,3273.1,3285.0
2363,3284.2,3285.0
2364,3293.3,3286.0
2365,3281.5,3287.0
2366,3282.9,3289.0
2367,3285.0,3291.0
2368,3290.5,3293.0
2369,3274.6,3279.0
2370,3303.2,3281.0
2371,3284.2,3283.0
2372,3278.6,3284.0
2373,3273.1,3284.0
2374,3273.4,3285.0
2375,3265.6,3287.0
2376,3268.7,3289.0
2377,3259.7,3292.0
2378,3255.6,3295.0
2379,3259.0,3299.0
2380,3273.6,3304.0
2381,3272.9,3307.0
2382,3280.6,3311.0
2383,3285.4,3314.0
2384,2960.6,2831.0
2385,2947.6,2815.0
2386,2997.0,2815.0
2387,2991.7,2815.0
2388,2985.5,2819.0
2389,2984.8,2817.0
2390,2976.6,2817.0
2391,2703.8,2817.0
2392,2686.4,2820.0
2393,2944.4,2828.0
2394,3062.6,2815.0
2395,3405.2,3314.0
2396,3400.8,3315.0
2397,3393.0,3316.0
2398,3384.2,3302.0
2399,3385.8,3287.0
2400,3390.5,3287.0
2401,3358.3,3281.0
2402,3375.7,3266.0
2403,3380.8,3266.0
2404,3385.2,3266.0
2405,3250.8,3267.0
2406,3238.6,3269.0
2407,3248.1,3272.0
2408,3240.6,3276.0
2409,3243.5,3280.0
2410,3254.2,3284.0
2411,3259.4,3281.0
2412,3309.0,3282.0
2413,3335.0,3286.0
2414,3321.1,3290.0
2415,3314.9,3292.0
2416,3323.0,3294.0
2417,3313.2,3280.0
2418,3335.2,3266.0
2419,3323.3,3255.0
2420,3335.5,3261.0
2421,3315.2,3266.0
2422,3297.5,3254.0
2423,3294.2,3259.0
2424,3290.1,3259.0
2425,3286.5,3260.0
2426,3261.3,3245.0
2427,3260.9,3246.0
2428,3249.3,3247.0
2429,3269.6,3249.0
2430,3270.8,3253.0
2431,3268.2,3249.0
2432,3286.7,3244.0
2433,3304.0,3246.0
2434,2983.9,3249.0
2435,2970.7,3249.0
2436,2981.6,3250.0
2437,2987.2,3236.0
2438,3013.3,3238.0
2439,2997.6,3240.0
2440,2988.2,3242.0
2441,2992.7,3246.0
2442,2999.5,3251.0
2443,3003.2,3256.0
2444,2987.1,3260.0
2445,3306.5,3265.0
2446,3297.4,3267.0
2447,3292.9,3269.0
2448,2987.2,2815.0
2449,2959.7,2799.0
2450,2994.5,2799.0
2451,2975.2,2799.0
2452,2949.7,2799.0
2453,2936.2,2799.0
2454,2912.6,2793.0
2455,2932.1,2796.0
2456,2922.0,2788.0
2457,2936.6,2789.0
2458,3068.2,2791.0
2459,3378.3,3269.0
2460,3392.1,3270.0
2461,3380.0,3272.0
2462,3392.9,3275.0
2463,3397.1,3271.0
2464,3447.4,3275.0
2465,3435.2,3271.0
2466,3436.8,3259.0
2467,3438.3,3262.0
2468,3412.5,3250.0
2469,3273.0,3252.0
2470,2961.2,2791.0
2471,2961.4,2791.0
2472,3239.7,3248.0
2473,3266.0,3252.0
2474,3259.1,3256.0
2475,3259.1,3260.0
2476,3253.1,3260.0
2477,3244.2,3261.0
2478,3238.1,3262.0
2479,3242.9,3265.0
2480,3388.3,3269.0
2481,3397.6,3274.0
2482,3258.3,3279.0
2483,3248.9,3283.0
2484,3246.9,3284.0
2485,3311.6,3288.0
2486,3302.1,3284.0
2487,3303.8,3284.0
2488,3301.6,3285.0
2489,3293.8,3279.0
2490,3304.0,3265.0
2491,3299.5,3265.0
2492,3273.9,3251.0
2493,3279.6,3252.0
2494,3271.3,3253.0
2495,3262.7,3255.0
2496,3264.7,3258.0
2497,3266.7,3262.0
2498,2969.5,3264.0
2499,2954.6,3266.0
2500,2937.1,3268.0
2501,2937.0,3270.0
2502,2943.7,3273.0
2503,2957.3,3276.0
2504,2957.3,3279.0
2505,2952.9,3282.0
2506,2930.0,3269.0
2507,2979.0,3272.0
2508,2973.8,3275.0
2509,3270.6,3262.0
2510,3274.9,3265.0
2511,3278.0,3268.0
2512,3265.3,3255.0
2513,3253.6,3249.0
2514,3248.5,3251.0
2515,3239.0,3253.0
2516,3232.3,3255.0
2517,3235.3,3258.0
2518,3225.3,3261.0
2519,3220.8,3248.0
2520,2945.2,3251.0
2521,2936.3,3254.0
2522,3224.0,3241.0
2523,3244.0,3244.0
2524,3244.7,3247.0
2525,3243.0,3250.0
2526,3229.1,3253.0
2527,3217.5,3245.0
2528,3232.4,3245.0
2529,3228.9,3246.0
2530,3234.0,3247.0
2531,3231.5,3249.0
2532,3236.1,3252.0
2533,3249.1,3257.0
2534,3256.7,3268.0
2535,3251.8,3263.0
2536,3290.4,3260.0
2537,3310.6,3265.0
2538,3306.3,3265.0
2539,3294.8,3266.0
2540,3310.1,3268.0
2541,3293.6,3271.0
2542,3279.3,3274.0
2543,3278.6,3278.0
2544,3271.0,3284.0
2545,3264.4,3280.0
2546,3317.7,3291.0
2547,3306.9,3289.0
2548,3313.3,3285.0
2549,3315.7,3280.0
2550,3307.7,3267.0
2551,3310.1,3271.0
2552,3295.9,3274.0
2553,3281.3,3277.0
2554,3287.9,3280.0
2555,3294.8,3282.0
2556,3269.1,3284.0
2557,3259.1,3286.0
2558,3257.8,3288.0
2559,3240.0,3283.0
2560,3286.4,3287.0
2561,3287.2,3275.0
2562,3266.6,3263.0
2563,3259.2,3251.0
2564,3257.4,3256.0
2565,3230.5,3245.0
2566,3228.2,3245.0
2567,3210.9,3246.0
2568,3209.3,3248.0
2569,3202.2,3243.0
2570,3216.6,3245.0
2571,3221.1,3250.0
2572,3216.9,3239.0
2573,3248.6,3242.0
2574,3246.9,3247.0
2575,3246.0,3251.0
2576,3253.4,3240.0
2577,3273.7,3235.0
2578,3278.4,3238.0
2579,3274.3,3241.0
2580,3270.7,3245.0
2581,3263.5,3249.0
2582,3261.1,3253.0
2583,3247.2,3257.0
2584,3248.5,3261.0
2585,3240.9,3265.0
2586,3232.8,3269.0
2587,3244.7,3272.0
2588,3246.4,3275.0
2589,3240.5,3278.0
2590,3237.3,3278.0
2591,3233.0,3279.0
2592,3238.7,3280.0
2593,3239.4,3282.0
2594,3246.0,3286.0
2595,3243.5,3291.0
2596,3249.8,3296.0
2597,3243.8,3302.0
2598,3231.2,3293.0
2599,3309.1,3298.0
2600,3292.2,3303.0
2601,3294.5,3303.0
2602,3291.2,3304.0
2603,3301.8,3306.0
2604,3300.9,3309.0
2605,3307.1,3313.0
2606,3313.5,3317.0
2607,3305.8,3322.0
2608,3274.2,3314.0
2609,3316.1,3316.0
2610,3319.6,3323.0
2611,3298.1,3328.0
2612,3290.4,3333.0
2613,3273.8,3330.0
2614,3292.0,3327.0
2615,3287.0,3332.0
2616,2924.4,2801.0
2617,2917.3,2786.0
2618,2946.3,2787.0
2619,2929.9,2788.0
2620,2911.6,2790.0
2621,2914.3,2784.0
2622,2906.3,2771.0
2623,2905.3,2773.0
2624,3260.5,3334.0
2625,3259.5,3336.0
2626,3407.3,3338.0
2627,3394.0,3340.0
2628,3404.5,3339.0
2629,3439.2,3330.0
2630,3448.0,3321.0
2631,3458.3,3313.0
2632,3461.9,3313.0
2633,3475.9,3305.0
2634,3310.1,3298.0
2635,3311.6,3298.0
2636,3285.4,3299.0
2637,3297.4,3300.0
2638,3296.7,3302.0
2639,3298.1,3305.0
2640,3309.3,3309.0
2641,3296.9,3313.0
2642,3309.7,3318.0
2643,3313.8,3326.0
2644,3325.1,3332.0
2645,3320.6,3326.0
2646,3375.6,3328.0
2647,3365.8,3330.0
2648,3351.2,3332.0
2649,3347.1,3334.0
2650,3341.4,3336.0
2651,3351.0,3338.0
2652,3338.8,3340.0
2653,3305.1,3326.0
2654,3334.5,3328.0
2655,3332.2,3330.0
2656,3322.9,3335.0
2657,3321.5,3339.0
2658,3300.2,3327.0
2659,3320.1,3332.0
2660,3317.9,3329.0
2661,3316.4,3318.0
2662,3325.1,3323.0
2663,3323.4,3328.0
2664,2958.3,2774.0
2665,2963.3,2776.0
2666,2610.5,2771.0
2667,2628.6,2773.0
2668,2630.9,2779.0
2669,2627.0,2785.0
2670,2616.0,2793.0
2671,2616.5,2794.0
2672,2615.8,2798.0
2673,2619.1,2804.0
2674,3144.4,2811.0
2675,3473.1,3333.0
2676,3480.3,3338.0
2677,3481.6,3343.0
2678,3482.7,3345.0
2679,3484.4,3347.0
2680,3477.1,3349.0
2681,3469.7,3351.0
2682,3491.7,3353.0
2683,3480.9,3355.0
2684,3472.6,3357.0
2685,3317.7,3359.0
2686,3310.9,3361.0
2687,3294.8,3347.0
2688,3338.9,3334.0
2689,3343.2,3337.0
2690,3325.5,3340.0
2691,3320.0,3343.0
2692,3316.9,3343.0
2693,3316.1,3335.0
2694,3317.1,3319.0
2695,3307.5,3319.0
2696,3289.7,3319.0
2697,3288.4,3320.0
2698,3300.3,3321.0
2699,3297.9,3323.0
2700,3312.8,3326.0
2701,3306.3,3329.0
2702,3301.2,3334.0
2703,3282.5,3334.0
2704,3301.2,3335.0
2705,3313.1,3336.0
2706,3313.7,3322.0
2707,3359.0,3323.0
2708,3335.8,3309.0
2709,3336.3,3310.0
2710,3328.6,3311.0
2711,3325.9,3314.0
2712,3325.4,3308.0
2713,3358.5,3308.0
2714,2974.9,3301.0
2715,2975.7,3301.0
2716,2953.0,3302.0
2717,2959.0,3304.0
2718,2953.7,3299.0
2719,2983.2,3301.0
2720,2969.6,3303.0
2721,2955.5,3300.0
2722,2975.2,3305.0
2723,2956.4,3295.0
2724,2976.5,3295.0
2725,3315.5,3296.0
2726,3325.8,3297.0
2727,3321.5,3299.0
2728,3323.1,3302.0
2729,3317.2,3290.0
2730,3339.7,3293.0
2731,3332.8,3298.0
2732,3336.6,3303.0
2733,3342.3,3308.0
2734,3335.0,3298.0
2735,3338.5,3284.0
2736,3349.9,3287.0
2737,3329.1,3290.0
2738,3322.4,3293.0
2739,3319.0,3295.0
2740,3331.2,3297.0
2741,3340.0,3299.0
2742,3314.5,3285.0
2743,3328.2,3272.0
2744,3314.0,3259.0
2745,3329.1,3250.0
2746,3319.9,3241.0
2747,3316.0,3241.0
2748,3327.0,3249.0
2749,3309.6,3256.0
2750,3298.5,3247.0
2751,3317.9,3247.0
2752,3336.2,3255.0
2753,3324.1,3246.0
2754,3330.0,3238.0
2755,3316.4,3230.0
2756,3324.6,3238.0
2757,3325.2,3238.0
2758,3320.0,3238.0
2759,3325.1,3246.0
2760,3323.0,3254.0
2761,3318.6,3261.0
2762,3309.8,3252.0
2763,3335.0,3259.0
2764,3330.2,3258.0
2765,3347.0,3265.0
2766,3333.2,3255.0
2767,3334.9,3246.0
2768,3324.0,3253.0
2769,3302.2,3243.0
2770,3300.7,3249.0
2771,3285.0,3247.0
2772,3290.9,3237.0
2773,3282.6,3244.0
2774,3275.4,3250.0
2775,3279.0,3256.0
2776,3285.0,3262.0
2777,3277.3,3252.0
2778,3312.3,3258.0
2779,3302.1,3264.0
2780,3308.6,3261.0
2781,3325.8,3251.0
2782,3314.7,3241.0
2783,3323.5,3247.0
2784,3300.8,3253.0
2785,3292.7,3259.0
2786,3284.8,3265.0
2787,3281.1,3263.0
2788,3311.5,3269.0
2789,3296.7,3258.0
2790,3304.5,3264.0
2791,3296.6,3270.0
2792,3304.8,3275.0
2793,3303.3,3280.0
2794,3283.7,3285.0
2795,3272.4,3290.0
2796,3255.6,3279.0
2797,3284.7,3284.0
2798,3279.7,3289.0
2799,3289.6,3291.0
2800,3276.9,3293.0
2801,3261.3,3279.0
2802,3275.1,3273.0
2803,3274.7,3276.0
2804,3269.5,3278.0
2805,2959.7,2812.0
2806,2968.1,2814.0
2807,2970.4,2817.0
2808,2961.1,2822.0
2809,2955.1,2819.0
2810,2983.0,2810.0
2811,2978.4,2797.0
2812,2968.1,2799.0
2813,2942.4,2801.0
2814,2932.7,2805.0
2815,3076.0,2810.0
2816,3359.9,3280.0
2817,3347.3,3281.0
2818,3355.4,3285.0
2819,3348.7,3289.0
2820,3355.6,3295.0
2821,3367.9,3301.0
2822,3373.0,3304.0
2823,3379.4,3307.0
2824,3387.9,3310.0
2825,3383.0,3313.0
2826,3247.8,3315.0
2827,3234.1,3317.0
2828,3235.1,3321.0
2829,3231.4,3321.0
2830,3230.1,3322.0
2831,3221.6,3323.0
2832,3204.0,3309.0
2833,3288.5,3310.0
2834,3275.4,3296.0
2835,3283.2,3297.0
2836,3263.2,3298.0
2837,3255.9,3286.0
2838,3254.2,3287.0
2839,3239.7,3288.0
2840,3233.5,3292.0
2841,3226.7,3280.0
2842,3237.7,3277.0
2843,3261.5,3282.0
2844,2948.7,2811.0
2845,2955.8,2812.0
2846,2963.7,2814.0
2847,2967.7,2818.0
2848,2976.2,2822.0
2849,2974.1,2826.0
2850,2978.0,2819.0
2851,3000.3,2822.0
2852,3003.4,2826.0
2853,2979.3,2832.0
2854,3116.2,2830.0
2855,3122.5,3282.0
2856,3122.9,3283.0
2857,3123.7,3277.0
2858,3143.1,3277.0
2859,3142.6,3279.0
2860,3127.1,3282.0
2861,3117.4,3285.0
2862,3124.0,3296.0
2863,3140.0,3302.0
2864,3136.4,3303.0
2865,3003.6,3308.0
2866,2989.0,2831.0
2867,2969.9,2832.0
2868,2975.2,2833.0
2869,2970.6,2837.0
2870,2975.4,2839.0
2871,2980.8,2844.0
2872,2959.4,2836.0
2873,3011.8,2837.0
2874,3009.5,2841.0
2875,2997.4,2845.0
2876,3132.5,2847.0
2877,3429.3,3310.0
2878,3425.6,3310.0
2879,3413.4,3311.0
2880,3414.3,3313.0
2881,3394.5,3315.0
2882,3394.6,3318.0
2883,3395.5,3321.0
2884,3372.4,3323.0
2885,3377.8,3319.0
2886,3447.8,3329.0
2887,3315.0,3333.0
2888,3311.1,3338.0
2889,3315.8,3338.0
2890,3312.2,3339.0
2891,3302.5,3340.0
2892,3278.7,3342.0
2893,3287.3,3345.0
2894,2992.2,3348.0
2895,2994.8,3352.0
2896,2988.5,3361.0
2897,2979.4,3365.0
2898,2976.1,3353.0
2899,3019.1,3356.0
2900,2672.2,2847.0
2901,2672.8,2847.0
2902,3001.4,3360.0
2903,2988.3,3348.0
2904,3002.9,3352.0
2905,3271.6,3356.0
2906,3264.5,3360.0
2907,3265.4,3364.0
2908,3254.2,3368.0
2909,3256.8,3368.0
2910,3400.2,3368.0
2911,3414.6,3369.0
2912,3281.1,3371.0
2913,3284.9,3358.0
2914,3319.5,3359.0
2915,3330.1,3361.0
2916,3021.0,3365.0
2917,3011.2,3360.0
2918,3036.8,3348.0
2919,3050.2,3350.0
2920,3050.7,3350.0
2921,3036.8,3335.0
2922,3034.7,3335.0
2923,3033.7,3335.0
2924,3035.1,3337.0
2925,3024.7,3339.0
2926,3025.6,3343.0
2927,3316.0,3348.0
2928,3309.6,3352.0
2929,3294.4,3339.0
2930,3322.6,3342.0
2931,3320.8,3344.0
2932,3324.3,3346.0
2933,3302.1,3334.0
2934,3325.2,3338.0
2935,3311.9,3342.0
2936,3312.7,3346.0
2937,2999.1,2848.0
2938,3324.9,3349.0
2939,3330.2,3352.0
2940,3329.0,3354.0
2941,3330.6,3356.0
2942,3331.2,3345.0
2943,3380.8,3351.0
2944,3382.8,3356.0
2945,3389.7,3361.0
2946,3394.1,3357.0
2947,3539.1,3361.0
2948,3374.8,3349.0
2949,3388.2,3337.0
2950,3050.0,3333.0
2951,3049.2,3329.0
2952,3377.3,3333.0
2953,3351.9,3322.0
2954,3351.0,3327.0
2955,3370.5,3355.0
2956,3370.3,3359.0
2957,3364.0,3363.0
2958,3361.9,3367.0
2959,3029.9,2849.0
2960,3041.9,2853.0
2961,3018.1,2854.0
2962,3030.2,2863.0
2963,3011.1,2865.0
2964,3003.9,2855.0
2965,3014.5,2857.0
2966,3006.9,2860.0
2967,3001.3,2856.0
2968,3015.3,2863.0
2969,3478.4,3353.0
2970,3487.2,3362.0
2971,3498.9,3367.0
2972,3485.0,3372.0
2973,3482.9,3361.0
2974,3490.2,3366.0
2975,3511.1,3363.0
2976,3513.8,3352.0
2977,3512.0,3358.0
2978,3488.7,3347.0
2979,3338.7,3345.0
2980,3342.8,3351.0
2981,3340.8,3357.0
2982,3340.8,3362.0
2983,3330.3,3367.0
2984,3353.4,3372.0
2985,3353.3,3377.0
2986,3354.6,3381.0
2987,3039.6,3385.0
2988,3362.2,3388.0
2989,3362.4,3391.0
2990,3363.7,3394.0
2991,3355.1,3397.0
2992,2997.4,2864.0
2993,2994.6,2866.0
2994,2981.2,2853.0
2995,3022.1,2854.0
2996,3011.1,2850.0
2997,2998.7,2836.0
2998,2981.9,2821.0
2999,2976.1,2822.0
3000,2929.5,2806.0
3001,2919.2,2791.0
3002,3062.2,2776.0
3003,3450.3,3399.0
3004,3439.9,3401.0
3005,3481.4,3397.0
3006,3507.0,3401.0
3007,3525.8,3389.0
3008,3553.3,3393.0
3009,3225.8,3397.0
3010,3262.6,3401.0
3011,3252.4,3389.0
3012,3263.9,3377.0
3013,3085.7,3382.0
3014,3058.7,3370.0
3015,3044.3,3356.0
3016,3041.9,3358.0
3017,3033.2,3360.0
3018,3036.0,3362.0
3019,3346.4,3364.0
3020,3348.6,3358.0
3021,3364.9,3345.0
3022,3376.6,3349.0
3023,3355.7,3340.0
3024,3358.5,3343.0
3025,3380.0,3346.0
3026,3362.8,3336.0
3027,3384.1,3342.0
3028,3365.4,3348.0
3029,3361.0,3353.0
3030,3366.8,3358.0
3031,3368.6,3347.0
3032,3405.5,3352.0
3033,3396.8,3341.0
3034,3397.0,3331.0
3035,3376.5,3337.0
3036,3374.4,3343.0
3037,3367.8,3333.0
3038,3374.4,3339.0
3039,3366.1,3329.0
3040,3359.2,3331.0
3041,3354.1,3335.0
3042,3010.7,3339.0
3043,3011.1,3343.0
3044,2999.4,3330.0
3045,3034.2,3326.0
3046,3031.6,3330.0
3047,3015.2,3334.0
3048,3007.9,3321.0
3049,2998.2,3325.0
3050,2985.1,3321.0
3051,2990.0,3325.0
3052,2948.9,3329.0
3053,3332.8,3317.0
3054,3343.2,3322.0
3055,3341.4,3319.0
3056,3365.0,3324.0
3057,3338.7,3326.0
3058,3331.2,3328.0
3059,3338.3,3317.0
3060,3359.4,3322.0
3061,3345.2,3328.0
3062,3341.8,3334.0
3063,3348.6,3339.0
3064,3346.4,3328.0
3065,3338.9,3316.0
3066,3334.6,3320.0
3067,3315.2,3316.0
3068,3344.3,3321.0
3069,3350.5,3318.0
3070,3348.6,3323.0
3071,3328.8,3312.0
3072,3334.4,3309.0
3073,3340.1,3314.0
3074,3319.6,3319.0
3075,3331.0,3308.0
3076,3317.5,3297.0
3077,3325.1,3287.0
3078,3318.1,3291.0
3079,3286.0,3279.0
3080,3302.6,3283.0
3081,3284.5,3285.0
3082,3304.5,3287.0
3083,3295.6,3290.0
3084,3291.8,3293.0
3085,3277.2,3296.0
3086,3295.3,3298.0
3087,3302.5,3300.0
3088,3300.3,3302.0
3089,3306.5,3308.0
3090,3307.7,3314.0
3091,3306.1,3318.0
3092,3279.9,3306.0
3093,3316.6,3294.0
3094,3305.8,3298.0
3095,3285.0,3286.0
3096,3300.7,3291.0
3097,3290.2,3295.0
3098,3277.3,3299.0
3099,3277.9,3303.0
3100,3268.0,3291.0
3101,3289.4,3295.0
3102,3282.7,3283.0
3103,3289.7,3288.0
3104,3305.7,3293.0
3105,3315.5,3297.0
3106,3324.7,3301.0
3107,3318.1,3297.0
3108,3343.2,3301.0
3109,3330.6,3305.0
3110,3322.6,3300.0
3111,3339.6,3304.0
3112,3338.9,3291.0
3113,3340.4,3280.0
3114,3327.2,3286.0
3115,3307.6,3292.0
3116,3301.6,3297.0
3117,3308.6,3302.0
3118,3318.6,3307.0
3119,3301.4,3306.0
3120,3332.8,3305.0
3121,3335.8,3312.0
3122,3315.3,3303.0
3123,3318.0,3294.0
3124,3330.4,3301.0
3125,3316.5,3308.0
3126,3303.0,3299.0
3127,3297.0,3306.0
3128,3298.7,3313.0
3129,3284.1,3320.0
3130,3275.1,3326.0
3131,3273.9,3322.0
3132,3293.3,3310.0
3133,3310.0,3314.0
3134,3297.0,3318.0
3135,3288.1,3306.0
3136,3296.8,3311.0
3137,3285.4,3307.0
3138,3288.4,3295.0
3139,3293.1,3300.0
3140,3285.6,3289.0
3141,3294.0,3286.0
3142,3289.6,3275.0
3143,3282.3,3281.0
3144,3275.5,3286.0
3145,3268.5,3291.0
3146,3277.4,3296.0
3147,3272.8,3278.0
3148,3269.1,3278.0
3149,3284.6,3278.0
3150,3276.6,3278.0
3151,3277.1,3278.0
3152,3268.3,3278.0
3153,3289.6,3282.0
3154,3285.7,3285.0
3155,3277.1,3285.0
3156,3271.4,3288.0
3157,3267.0,3288.0
3158,3267.6,3288.0
3159,3267.0,3289.0
3160,3260.9,3291.0
3161,3251.5,3293.0
3162,3232.4,3293.0
3163,3216.0,3295.0
3164,3225.7,3298.0
3165,3230.6,3300.0
3166,3223.6,3295.0
3167,3323.1,3296.0
3168,3314.4,3299.0
3169,3305.9,3300.0
3170,3305.6,3308.0
3171,3319.6,3315.0
3172,3303.9,3306.0
3173,3310.7,3305.0
3174,3321.0,3312.0
3175,3294.2,3303.0
3176,3288.6,3302.0
3177,3315.5,3310.0
3178,3316.3,3317.0
3179,3320.8,3324.0
3180,3321.8,3315.0
3181,3325.5,3322.0
3182,3305.0,3313.0
3183,3330.9,3320.0
3184,2966.7,2776.0
3185,2968.9,2777.0
3186,2978.3,2778.0
3187,2954.0,2781.0
3188,2923.0,2784.0
3189,2909.4,2775.0
3190,2906.8,2780.0
3191,2901.6,2784.0
3192,2897.3,2789.0
3193,3238.0,3314.0
3194,3411.5,3300.0
3195,3421.0,3295.0
3196,3430.1,3297.0
3197,3412.4,3299.0
3198,3427.9,3301.0
3199,3426.5,3303.0
3200,3452.8,3305.0
3201,3456.9,3307.0
3202,3460.4,3309.0
3203,3303.8,3311.0
3204,3310.6,3313.0
3205,3308.7,3315.0
3206,3314.3,3319.0
3207,3307.0,3323.0
3208,3297.5,3327.0
3209,3305.4,3331.0
3210,3289.5,3327.0
3211,3343.3,3315.0
3212,3332.2,3319.0
3213,3325.3,3323.0
3214,3316.8,3327.0
3215,3314.9,3331.0
3216,3296.8,3318.0
3217,3332.6,3321.0
3218,3322.7,3324.0
3219,3317.1,3327.0
3220,3323.7,3330.0
3221,3315.5,3317.0
3222,3327.0,3320.0
3223,3320.1,3329.0
3224,3333.1,3333.0
3225,3316.9,3337.0
3226,3309.4,3325.0
3227,3311.9,3329.0
3228,3318.4,3333.0
3229,3314.8,3321.0
3230,3310.7,3325.0
3231,3319.9,3329.0
3232,3330.7,3333.0
3233,2972.3,2775.0
3234,2629.9,2776.0
3235,2616.3,2777.0
3236,2607.2,2782.0
3237,2609.7,2787.0
3238,2615.2,2791.0
3239,2608.7,2796.0
3240,2629.7,2801.0
3241,2626.9,2808.0
3242,2618.3,2813.0
3243,3112.4,2820.0
3244,3438.7,3334.0
3245,3424.1,3322.0
3246,3476.5,3327.0
3247,3458.4,3315.0
3248,3447.3,3304.0
3249,3445.1,3309.0
3250,3415.0,3298.0
3251,3406.9,3304.0
3252,3399.8,3309.0
3253,3402.2,3298.0
3254,3259.7,3304.0
3255,3242.2,3301.0
3256,3265.5,3306.0
3257,3259.0,3295.0
3258,3277.3,3301.0
3259,3274.4,3298.0
3260,3278.9,3304.0
3261,3286.1,3309.0
3262,3293.5,3299.0
3263,3286.6,3289.0
3264,3291.1,3280.0
3265,3308.8,3279.0
3266,3302.5,3286.0
3267,3300.1,3293.0
3268,3303.6,3299.0
3269,3306.1,3305.0
3270,3327.7,3311.0
3271,3309.5,3309.0
3272,3020.2,2821.0
3273,3021.0,2823.0
3274,3013.9,2827.0
3275,2989.3,2817.0
3276,2973.5,2820.0
3277,2952.7,2821.0
3278,2933.7,2827.0
3279,2921.5,2824.0
3280,2927.0,2828.0
3281,2908.4,2814.0
3282,3057.2,2821.0
3283,3041.6,3349.0
3284,3046.2,3342.0
3285,3074.7,3343.0
3286,3083.0,3345.0
3287,3088.3,3332.0
3288,3120.4,3334.0
3289,3116.7,3337.0
3290,3115.7,3326.0
3291,3130.1,3329.0
3292,3128.4,3334.0
3293,2963.2,3323.0
3294,3292.7,3304.0
3295,3292.6,3309.0
3296,3285.7,3298.0
3297,3283.8,3296.0
3298,3287.2,3294.0
3299,3303.2,3300.0
3300,3271.8,3305.0
3301,3277.9,3294.0
3302,3275.4,3299.0
3303,3267.3,3304.0
3304,3282.9,3309.0
